12
point = 1
Sun 2.5638876793713233e-05 -8.411840434074182e-05 1.1611051459863587e-07
Mercury 0.2885754914479354 -0.3146870528524669 -0.05217651557241673
Venus -0.6529571319556793 -0.3073609888662084 0.033460162234920175
Earth -0.33070881357505866 -0.9586887898112875 5.319076391009829e-05
Moon -0.3356425224289541 -0.9630447881297993 -3.392126102431383e-05
Mars -1.5335288505985807 0.6486750599664592 0.05121435181384443
Jupiter 4.449072665734251 2.1810277991518445 -0.10859936646291778
Saturn 8.54487681912667 -4.784078653578377 -0.25687269455309847
Uranus 12.9205179459049 14.80010448443416 -0.11252430288773442
Neptune 29.800605876518816 -2.463555121574062 -0.6360409778772642
Pluto 16.60914111026298 -30.518695966070744 -1.53621276093771
1P/Halley -19.922852121054134 27.176572366477387 -9.96383334295557
12
point = 2
Sun 5.2251380024622446e-05 -0.00016793113501741507 2.0798905533146338e-07
Mercury 0.3892896869630208 -0.06427268611957782 -0.040941115476567584
Venus -0.5436794403930301 -0.47968775111324 0.02479136604591582
Earth -0.16619456246367462 -1.002064977752282 5.8083388943781105e-05
Moon -0.17405347488292525 -1.012354947893466 -0.00030884098353305237
Mars -1.5778872945827607 0.5295831135169061 0.04980901847961723
Jupiter 4.414433665562553 2.2520537399046985 -0.10811908246268717
Saturn 8.56890233987045 -4.735446831779115 -0.2586748919964551
Uranus 12.890567352277053 14.824100431202638 -0.11204717107149914
Neptune 29.802969877053993 -2.432083085577826 -0.6367435642174947
Pluto 16.63750779502705 -30.510542184664523 -1.5452905968625397
1P/Halley -19.918945653092234 27.18006348327198 -9.963341587237512
12
point = 3
Sun 7.987843220632982e-05 -0.000251442767842896 2.740134132886245e-07
Mercury 0.3053674658636528 0.21655074098041538 -0.010284922436946637
Venus -0.39224823836183065 -0.6148397531621772 0.014200615907863888
Earth 0.0030127213517152085 -1.0171433499612936 6.114329453508294e-05
Moon -0.007386786283067881 -1.0335967610633683 -0.0005603268294639603
Mars -1.6121331982439824 0.4070965529951782 0.04808447932538798
Jupiter 4.378722225710588 2.322532378583606 -0.10761253240326281
Saturn 8.592657711768428 -4.686665469459027 -0.2604689328221747
Uranus 12.860566376465123 14.848038395567361 -0.11156960212107418
Neptune 29.805300852783297 -2.400608352528294 -0.6374454450510997
Pluto 16.665862773006566 -30.502366920227253 -1.5543673449061481
1P/Halley -19.91502558221238 27.183536045142134 -9.96284302956256
12
point = 4
Sun 0.00010855374154416447 -0.0003346365914070241 3.144916024892883e-07
Mercury 0.04956009588132526 0.37530829452795234 0.02616212580500617
Venus -0.21088379500942894 -0.7031022478419703 0.002526438882881097
Earth 0.1721366070073493 -1.0036075341413484 6.238306379690063e-05
Moon 0.15960594773287737 -1.0269298098268966 -0.0007893159314211045
Mars -1.636015941012965 0.2819919519405083 0.046050861898058744
Jupiter 4.341947578069914 2.3924468642694663 -0.10707985282471393
Saturn 8.616141966786758 -4.637735990647262 -0.26225475382318986
Uranus 12.830515123348968 14.87191826970378 -0.1110915978003829
Neptune 29.807598800477944 -2.369130957238146 -0.6381466195871207
Pluto 16.694206031100357 -30.49417019112898 -1.5634429993198733
1P/Halley -19.91109191146485 27.186990050251666 -9.962337670467473
12
point = 5
Sun 0.00013829344256812104 -0.0004174958187615906 3.3064119496843155e-07
Mercury -0.23295923945959685 0.33114816068069364 0.04847681867063992
Venus -0.013714303644326686 -0.7387252965802218 -0.009336974494749552
Earth 0.33643391306208936 -0.9619242980387601 6.181061371688819e-05
Moon 0.3224502035462062 -0.9930594991318957 -0.0009934144865232702
Mars -1.64933181990689 0.15506426725460817 0.04371982993954428
Jupiter 4.30411923958655 2.461780520388512 -0.10652118736878882
Saturn 8.639354143261626 -4.588659825944907 -0.264032291930559
Uranus 12.800413698041012 14.89573994595885 -0.1106131598756341
Neptune 29.80986371694666 -2.3376509345258465 -0.6388470870353712
Pluto 16.722537556234812 -30.485952015740313 -1.5725175543629084
1P/Halley -19.90714464388143 27.190425496740144 -9.961825510479823
12
point = 6
Sun 0.00016911736731444114 -0.0005000144327145547 3.215906931738856e-07
Mercury -0.41406087518470247 0.1427300577908638 0.049700213502181866
Venus 0.18447426528826832 -0.7201037291963271 -0.020514373227976737
Earth 0.49131581285675113 -0.8933209674686718 5.945454789107894e-05
Moon 0.47693618382348796 -0.9332795835916432 -0.0011693210757530133
Mars -1.6519253986500686 0.02712615756214548 0.04110460219221491
Jupiter 4.26524700836022 2.5305168501070816 -0.10593668671464086
Saturn 8.662293285949124 -4.539438412509597 -0.26580148421564725
Uranus 12.770262205886539 14.919503316851781 -0.11013429011532076
Neptune 29.81209559903559 -2.3061683192155793 -0.6395468466064358
Pluto 16.750857335363868 -30.47771241243241 -1.5815910043022992
1P/Halley -19.903183782475416 27.19384238272287 -9.961306550117994
12
point = 7
Sun 0.00020105743551816584 -0.0005821806962904199 2.8487225271034094e-07
Mercury -0.45234252541298015 -0.09507081852789878 0.03378795422985749
Venus 0.3693740976037951 -0.6495912067323744 -0.03021243244559215
Earth 0.6324620495788771 -0.7997477870384139 5.536762678917745e-05
Moon 0.6191668589244059 -0.8494417597041052 -0.0013137502177621165
Mars -1.6436912539870165 -0.10099277173286164 0.03821997937592044
Jupiter 4.225340959621652 2.598639541630698 -0.10532650851058149
Saturn 8.684958446076283 -4.490073194040836 -0.2675622678923311
Uranus 12.740060752463942 14.943208275074774 -0.10965499029021511
Neptune 29.814294443628253 -2.274683146137175 -0.6402458975116695
Pluto 16.77916535546901 -30.469451399576947 -1.5906633434129407
1P/Halley -19.89920933024165 27.197240706290856 -9.960780789891187
12
point = 8
Sun 0.00023414892798004033 -0.0006639695455088182 2.1782361869217232e-07
Mercury -0.3561692307772131 -0.30479806637438145 0.00783710364483826
Venus 0.5280964038155229 -0.5330550723149066 -0.03776792880541349
Earth 0.7559277229344882 -0.6838257839373056 4.962386854969009e-05
Moon 0.7456100006822683 -0.7439066680062769 -0.0014238410397522687
Mars -1.6245761308569557 -0.22844687416221554 0.03508237800444777
Jupiter 4.184411441597732 2.666132473399427 -0.10469081730297183
Saturn 8.707348681392364 -4.4405656207658675 -0.26931458031923855
Uranus 12.709809443584952 14.966854713493785 -0.10917526217336197
Neptune 29.81646024764547 -2.243195450126045 -0.6409442389631971
Pluto 16.807461603559243 -30.461168995546103 -1.599734565977574
1P/Halley -19.89522129015653 27.200620465510802 -9.960248230299412
12
point = 9
Sun 0.0002684241007902806 -0.0007453441569749056 1.180753233209947e-07
Mercury -0.15749852951451865 -0.42706035997498326 -0.020367547268301096
Venus 0.6498943169128042 -0.37927566767884113 -0.042681229414542346
Earth 0.8582416634570608 -0.5487810262632723 4.23293669787597e-05
Moon 0.8531458955396259 -0.6194891154798182 -0.0014973447432197957
Mars -1.5945815107557262 -0.3543756028439661 0.03170986947760795
Jupiter 4.142469071263992 2.732979719175165 -0.10402978446230321
Saturn 8.729463056219991 -4.390917149425899 -0.27105835900200514
Uranus 12.679508385294886 14.990442525149318 -0.10869510754007258
Neptune 29.818593008045337 -2.2117052660231207 -0.641641870173913
Pluto 16.835746066671078 -30.45286521871252 -1.6088046662867814
1P/Halley -19.891219665178028 27.203981658425075 -9.959708871833485
12
point = 10
Sun 0.00030391021648393506 -0.0008262586918519691 -1.642803168060589e-08
Mercury 0.09072588883318863 -0.4154218493333246 -0.04217498638951035
Venus 0.7266838055320242 -0.19926910716219184 -0.04463711153787486
Earth 0.9364952305170301 -0.3983661189768075 3.3659662190024064e-05
Moon 0.9391100943820876 -0.47940142536750896 -0.0015327111808234187
Mars -1.5537665898489106 -0.4779049789603745 0.028122222393991002
Jupiter 4.099524729988668 2.7991655530210675 -0.10334358810632413
Saturn 8.75130064150567 -4.341129243262452 -0.27279354159552377
Uranus 12.649157683872904 15.013971603257227 -0.10821452816791863
Neptune 29.82069272182318 -2.180212628674796 -0.6423387903574814
Pluto 16.864018731868505 -30.444540087449273 -1.6178736386389838
1P/Halley -19.887204458245694 27.207324283051676 -9.959162714975022
12
point = 11
Sun 0.00034063012523659526 -0.0009066587884305803 -1.8743153204540655e-07
Mercury 0.30444610489043367 -0.24557126773307553 -0.04788829259082752
Venus 0.7533958360874251 -0.0055809999717552905 -0.04351540774417337
Earth 0.9884201332696223 -0.23676957683041597 2.387469344359463e-05
Moon 1.0013322204150112 -0.32719571278349413 -0.0015291593510819291
Mars -1.5022516541296915 -0.5981494891540542 0.024340945565883353
Jupiter 4.055589559075594 2.8646744541728233 -0.10263241302025751
Saturn 8.772860514869361 -4.291203372003432 -0.2745200659061736
Uranus 12.618757445832298 15.037441841209555 -0.10773352583672607
Neptune 29.82275938601151 -2.148717572932875 -0.6430349987283354
Pluto 16.89227958624298 -30.436193620129828 -1.6269414773404343
1P/Halley -19.88317567228068 27.210648337384217 -9.958609760196437
12
point = 12
Sun 0.0003786012651093752 -0.000986476799711143 -3.9578002779455593e-07
Mercury 0.37017897233541947 0.043342868435308546 -0.030297504254542206
Venus 0.7281922703673178 0.1884297159193995 -0.03939358138670232
Earth 1.0124538411391022 -0.06851367474506875 1.3283388283827487e-05
Moon 1.0381720989389869 -0.1667045947830451 -0.0014867391856948796
Mars -1.4402218246365808 -0.7142145215246174 0.02038932880150157
Jupiter 4.010674955214058 2.9294911117999303 -0.10189645057422285
Saturn 8.794141760653076 -4.24114101184851 -0.27623786989402416
Uranus 12.588307777920804 15.060853132575375 -0.10725210232856826
Neptune 29.82479299767999 -2.1172201336545258 -0.6437304945016769
Pluto 16.9205286169134 -30.427825835127997 -1.636008176705215
1P/Halley -19.87913331018573 27.213953819391882 -9.958050007960917
12
point = 13
Sun 0.0004178218580268409 -0.001065627046081571 -6.396370328014442e-07
Mercury 0.22619486684321832 0.30711815663816155 0.0044751556399070976
Venus 0.6525656033830777 0.3693177219355456 -0.03254245714811324
Earth 1.007790943138621 0.101658252193117 2.210998376926935e-06
Moon 1.0485539531733032 -0.001979130798738127 -0.0014063654924552733
Mars -1.367931127937465 -0.825199459143384 0.016292477892652896
Jupiter 3.9647925658452743 2.9936004296536236 -0.10113589863810382
Saturn 8.815143469968564 -4.190943645453559 -0.27794689167503317
Uranus 12.557808787120974 15.084205371101664 -0.1067702594277583
Neptune 29.826793553935374 -2.085720345702235 -0.6444252768934765
Pluto 16.94876581102608 -30.4194367508179 -1.645073731055232
1P/Halley -19.87507737484522 27.217240727019387 -9.95748345872243
12
point = 14
Sun 0.0004582543423044615 -0.0011440263328013026 -9.144951282667328e-07
Mercury -0.037581766898362734 0.40737610978534544 0.03687295277778596
Venus 0.5313240622158385 0.5242987585542205 -0.023415086014356722
Earth 0.9744183935553722 0.268903737558136 -9.013994550966178e-06
Moon 1.031998679540888 0.16277775338678624 -0.001289832065705512
Mars -1.2857068251842136 -0.9302015579726234 0.012077339524004898
Jupiter 3.917954284455492 3.0569875305898964 -0.10035096149491109
Saturn 8.835864740744096 -4.140612761913599 -0.27964706952326734
Uranus 12.52726058065061 15.107498450714182 -0.10628799892084381
Neptune 29.828761051921454 -2.054218243943766 -0.6451193451204733
Pluto 16.976991155754742 -30.411026385573916 -1.654138134720211
1P/Halley -19.871007869125155 27.220509058186945 -9.956910112925703
12
point = 15
Sun 0.0004998431484576876 -0.001221616581434181 -1.216486736540647e-06
Mercury -0.2852543092830978 0.3347044514709917 0.0536616421514932
Venus 0.3724429780188171 0.64202387072826 -0.012627541357239112
Earth 0.9131323985617652 0.428410614482278 -2.006587604616033e-05
Moon 0.9886534501501796 0.32328435255224885 -0.0011398129128918793
Mars -1.1939539058395026 -1.0283207417592932 0.00777271102077703
Jupiter 3.8701722457839294 3.119637760943897 -0.09954184975313773
Saturn 8.856304677771579 -4.090149856744033 -0.2813383418731199
Uranus 12.496663265963264 15.130732265518276 -0.10580532259660756
Neptune 29.830695488818964 -2.022713863252109 -0.6458126984001744
Pluto 17.005204638300505 -30.402594757770625 -1.663201382037695
1P/Halley -19.8669247958732 27.223758810790223 -9.956329971006214
12
point = 16
Sun 0.0005425322701312951 -0.0012983572689590384 -1.54318473891584e-06
Mercury -0.43649928073627425 0.14867679916422852 0.05234200357674433
Venus 0.18674604264182446 0.7133711672300243 -0.0009296547741521732
Earth 0.8255347387687743 0.5755315593543048 -3.062645816880831e-05
Moon 0.919317005578489 0.4752616981953032 -0.0009598502974213737
Mars -1.0931596195984359 -1.1186654485466532 0.0034092289912508143
Jupiter 3.821458820927148 3.181536694755995 -0.09870878025618252
Saturn 8.87646239275508 -4.03955643186125 -0.28302064732151966
Uranus 12.466016950748719 15.153906709799589 -0.10532223224606947
Neptune 29.832596861845516 -1.9912072385054147 -0.6465053359508545
Pluto 17.03340624589189 -30.39414188578281 -1.6722634673530383
1P/Halley -19.8628281579187 27.226989982700307 -9.955743033390188
12
point = 17
Sun 0.0005862654258641636 -0.001374217931924239 -1.8927901295439364e-06
Mercury -0.4591292940608585 -0.0814853240481139 0.03561851475198484
Venus -0.012628203431660268 0.7322184630807403 0.01083637800168819
Earth 0.7140065125056126 0.7059205910206644 -4.03914204798101e-05
Moon 0.8254580129047414 0.6145250786795258 -0.0007543273126553127
Mars -0.9838978815545952 -1.2003596595623043 -0.00098066993081297
Jupiter 3.771826612346361 3.2426701378603293 -0.09785197598846528
Saturn 8.89633700436038 -3.9888339955631498 -0.28469392463016757
Uranus 12.435321742933436 15.1770216780247 -0.1048387296624874
Neptune 29.83446516825551 -1.9596984045869266 -0.6471972569915547
Pluto 17.061595965784804 -30.38566778798539 -1.6813243850194062
1P/Halley -19.858717958072713 27.23020257176367 -9.955149300494597
12
point = 18
Sun 0.0006309848262407451 -0.0014491783268594665 -2.2638054064100353e-06
Mercury -0.34904598692630434 -0.2885200089513872 0.00861196366091381
Venus -0.2110113876243763 0.6961251107751295 0.02179065664003252
Earth 0.581657757288208 0.8156675737698946 -4.90778466850407e-05
Moon 0.7092228946908367 0.7370864418241815 -0.0005284199293908839
Mars -0.8668333413745223 -1.2725512290890164 -0.005362823865564229
Jupiter 3.72128844878437 3.303024131838492 -0.0969716659785426
Saturn 8.915927638265238 -3.9379840625096265 -0.28635811272781175
Uranus 12.404577750680973 15.2000770648417 -0.10435481664135787
Neptune 29.836300405340076 -1.9281873963849028 -0.6478884607420822
Pluto 17.089773785262544 -30.37717248275343 -1.6903841293977697
1P/Halley -19.854594199128044 27.233396575802132 -9.954548772727152
